visit_idx,j,kept,beta,coefficient,loss,expected_cut,best_measured_cut,success_probability_ancilla_1,epochs_run,stop_reason,history_path,improvement_vs_previous
1,1,True,-0.36588055805709935,-0.2751903505955951,-5.500000000000001,5.500000000000001,0.0,0.018813254464287783,5,loss_plateau_last5,benchmark_results_walsh_article/unweighted/baseline/n8/graph03_trainseed04/histories/history_visit001_j001.json,5.500000000000001
2,2,True,0.36378263269463074,0.2737438690537139,-5.999992879426354,5.999992879426354,3.0,0.03672998465202111,6,loss_plateau_last5,benchmark_results_walsh_article/unweighted/baseline/n8/graph03_trainseed04/histories/history_visit002_j002.json,0.49999287942635284
3,3,True,-0.001406633172172437,-0.001104766381361784,-5.999988725865343,5.999988725865343,5.0,0.03673026736454772,37,loss_plateau_last5,benchmark_results_walsh_article/unweighted/baseline/n8/graph03_trainseed04/histories/history_visit003_j003.json,-4.1535610106890886e-06
4,4,True,0.2550417241956883,0.19607627964712246,-6.1743411153874375,6.1743411153874375,5.0,0.04560718514453972,14,loss_plateau_last5,benchmark_results_walsh_article/unweighted/baseline/n8/graph03_trainseed04/histories/history_visit004_j004.json,0.17435238952209442
5,5,True,-0.0015961048333303536,-0.001253576740170889,-6.174334891657789,6.174334891657789,5.0,0.04560750707551248,40,loss_plateau_last5,benchmark_results_walsh_article/unweighted/baseline/n8/graph03_trainseed04/histories/history_visit005_j005.json,-6.2237296480915916e-06
6,6,False,0.0005718801779652618,0.0,-6.174334891657789,6.174334891657789,5.0,0.04560750707551248,41,loss_plateau_last5_and_discarded_near_zero,benchmark_results_walsh_article/unweighted/baseline/n8/graph03_trainseed04/histories/history_visit006_j006.json,0.0
7,7,True,-0.31769545108930075,-0.24144840072414053,-6.479498460419615,6.479498460419615,5.0,0.05707718259048053,6,loss_plateau_last5,benchmark_results_walsh_article/unweighted/baseline/n8/graph03_trainseed04/histories/history_visit007_j007.json,0.3051635687618255
8,8,True,0.1443583807495728,0.1125977373424727,-6.538899317109762,6.538899317109762,5.0,0.059881960610138334,24,loss_plateau_last5,benchmark_results_walsh_article/unweighted/baseline/n8/graph03_trainseed04/histories/history_visit008_j008.json,0.059400856690147386
9,9,False,0.0007975761750262903,0.0,-6.538899317109762,6.538899317109762,5.0,0.059881960610138334,42,loss_plateau_last5_and_discarded_near_zero,benchmark_results_walsh_article/unweighted/baseline/n8/graph03_trainseed04/histories/history_visit009_j009.json,0.0
10,10,True,0.002371066619582244,0.0018622278785258993,-6.5388908927850125,6.5388908927850125,5.0,0.05988266967810823,42,loss_plateau_last5,benchmark_results_walsh_article/unweighted/baseline/n8/graph03_trainseed04/histories/history_visit010_j010.json,-8.424324749789491e-06
11,11,True,-0.19925991046141328,-0.15445951187874926,-6.650916374789105,6.650916374789105,5.0,0.06414455095210819,24,loss_plateau_last5,benchmark_results_walsh_article/unweighted/baseline/n8/graph03_trainseed04/histories/history_visit011_j011.json,0.11202548200409268
12,12,False,0.0004772661092717731,0.0,-6.650916374789105,6.650916374789105,5.0,0.06414455095210819,44,loss_plateau_last5_and_discarded_near_zero,benchmark_results_walsh_article/unweighted/baseline/n8/graph03_trainseed04/histories/history_visit012_j012.json,0.0
13,13,True,-0.1441632371421747,-0.11244761780959628,-6.711586218619251,6.711586218619251,5.0,0.06526048115449343,20,loss_plateau_last5,benchmark_results_walsh_article/unweighted/baseline/n8/graph03_trainseed04/histories/history_visit013_j013.json,0.060669843830146064
14,14,True,0.23190842758642508,0.17894393751888427,-6.877499951876519,6.877499951876519,5.0,0.06836064736219845,12,loss_plateau_last5,benchmark_results_walsh_article/unweighted/baseline/n8/graph03_trainseed04/histories/history_visit014_j014.json,0.165913733257268
15,15,False,-0.0007055586532903058,0.0,-6.877499951876519,6.877499951876519,5.0,0.06836064736219845,40,loss_plateau_last5_and_discarded_near_zero,benchmark_results_walsh_article/unweighted/baseline/n8/graph03_trainseed04/histories/history_visit015_j015.json,0.0
16,16,True,-0.021384471512247757,-0.016792764976344427,-6.8788172887139325,6.8788172887139325,6.0,0.06842150642367564,50,loss_plateau_last5,benchmark_results_walsh_article/unweighted/baseline/n8/graph03_trainseed04/histories/history_visit016_j016.json,0.0013173368374133076
17,17,True,0.002024147160561622,0.001589759291179577,-6.87880796833182,6.87880796833182,6.0,0.0684220444890424,41,loss_plateau_last5,benchmark_results_walsh_article/unweighted/baseline/n8/graph03_trainseed04/histories/history_visit017_j017.json,-9.320382112321113e-06
18,18,False,-0.000983602282663202,0.0,-6.87880796833182,6.87880796833182,6.0,0.0684220444890424,47,loss_plateau_last5_and_discarded_near_zero,benchmark_results_walsh_article/unweighted/baseline/n8/graph03_trainseed04/histories/history_visit018_j018.json,0.0
19,19,True,0.04725819580200543,0.03708889363140982,-6.886222561054099,6.886222561054099,6.0,0.06867754724876059,49,loss_plateau_last5,benchmark_results_walsh_article/unweighted/baseline/n8/graph03_trainseed04/histories/history_visit019_j019.json,0.0074145927222790675
20,20,True,-0.0015416477208687104,-0.001210806329344167,-6.88621429658671,6.88621429658671,6.0,0.06867771835893763,37,loss_plateau_last5,benchmark_results_walsh_article/unweighted/baseline/n8/graph03_trainseed04/histories/history_visit020_j020.json,-8.264467389551555e-06
21,21,True,0.047228769149238674,0.03706583349966043,-6.8937120330210035,6.8937120330210035,6.0,0.06884331752291042,52,loss_plateau_last5,benchmark_results_walsh_article/unweighted/baseline/n8/graph03_trainseed04/histories/history_visit021_j021.json,0.007497736434293856
22,22,True,-0.06060006755426417,-0.04753700487237391,-6.906429403296356,6.906429403296356,6.0,0.06904452061393782,52,loss_plateau_last5,benchmark_results_walsh_article/unweighted/baseline/n8/graph03_trainseed04/histories/history_visit022_j022.json,0.012717370275352025
23,23,True,0.0014988456501723673,0.001177189739327825,-6.906430498804758,6.906430498804758,6.0,0.06904455561185395,44,loss_plateau_last5,benchmark_results_walsh_article/unweighted/baseline/n8/graph03_trainseed04/histories/history_visit023_j023.json,1.095508402215728e-06
24,24,True,-0.002394217408712924,-0.0018804103625676774,-6.906430435264185,6.906430435264185,6.0,0.06904484207628525,42,loss_plateau_last5,benchmark_results_walsh_article/unweighted/baseline/n8/graph03_trainseed04/histories/history_visit024_j024.json,-6.354057280333336e-08
25,25,True,0.11054885457060855,0.0864728908609234,-6.947908685332767,6.947908685332767,6.0,0.06999713906484442,59,loss_plateau_last5,benchmark_results_walsh_article/unweighted/baseline/n8/graph03_trainseed04/histories/history_visit025_j025.json,0.04147825006858241
26,26,True,-0.11777169731002436,-0.0920723812620902,-6.995193168225715,6.995193168225715,6.0,0.07058618033797803,57,loss_plateau_last5,benchmark_results_walsh_article/unweighted/baseline/n8/graph03_trainseed04/histories/history_visit026_j026.json,0.04728448289294729
27,27,False,7.603791511246296e-05,0.0,-6.995193168225715,6.995193168225715,6.0,0.07058618033797803,42,loss_plateau_last5_and_discarded_near_zero,benchmark_results_walsh_article/unweighted/baseline/n8/graph03_trainseed04/histories/history_visit027_j027.json,0.0
28,28,True,-0.12727904310085275,-0.09942839383130135,-7.0513457901706715,7.0513457901706715,6.0,0.07079778174133142,54,loss_plateau_last5,benchmark_results_walsh_article/unweighted/baseline/n8/graph03_trainseed04/histories/history_visit028_j028.json,0.05615262194495685
29,29,True,0.002972927565535018,0.0023349249709677614,-7.0513453363281275,7.0513453363281275,6.0,0.0707978955104551,47,loss_plateau_last5,benchmark_results_walsh_article/unweighted/baseline/n8/graph03_trainseed04/histories/history_visit029_j029.json,-4.5384254399039037e-07
30,30,False,0.000529594217303391,0.0,-7.0513453363281275,7.0513453363281275,6.0,0.0707978955104551,42,loss_plateau_last5_and_discarded_near_zero,benchmark_results_walsh_article/unweighted/baseline/n8/graph03_trainseed04/histories/history_visit030_j030.json,0.0
31,31,True,0.13374879027332773,0.10442412360152226,-7.117368054326009,7.117368054326009,6.0,0.07042894034071819,57,loss_plateau_last5,benchmark_results_walsh_article/unweighted/baseline/n8/graph03_trainseed04/histories/history_visit031_j031.json,0.06602271799788184
32,32,True,0.059690669700187556,0.046825343034506445,-7.130640830526922,7.130640830526922,6.0,0.0708997957889314,37,loss_plateau_last5,benchmark_results_walsh_article/unweighted/baseline/n8/graph03_trainseed04/histories/history_visit032_j032.json,0.01327277620091305
33,33,False,0.0002363933911636749,0.0,-7.130640830526922,7.130640830526922,6.0,0.0708997957889314,45,loss_plateau_last5_and_discarded_near_zero,benchmark_results_walsh_article/unweighted/baseline/n8/graph03_trainseed04/histories/history_visit033_j033.json,0.0
34,34,True,-0.0022818861318274174,-0.0017921860663802451,-7.130627396918792,7.130627396918792,6.0,0.07090050643171987,37,loss_plateau_last5,benchmark_results_walsh_article/unweighted/baseline/n8/graph03_trainseed04/histories/history_visit034_j034.json,-1.3433608130775099e-05
35,35,True,-0.06189164884605983,-0.04854761471188302,-7.144242818842404,7.144242818842404,6.0,0.07125111714543589,33,loss_plateau_last5,benchmark_results_walsh_article/unweighted/baseline/n8/graph03_trainseed04/histories/history_visit035_j035.json,0.013615421923612203
36,36,False,-0.0001338537817833019,0.0,-7.144242818842404,7.144242818842404,6.0,0.07125111714543589,41,loss_plateau_last5_and_discarded_near_zero,benchmark_results_walsh_article/unweighted/baseline/n8/graph03_trainseed04/histories/history_visit036_j036.json,0.0
37,37,True,-0.047443520172353267,-0.03723412119241341,-7.152255146836278,7.152255146836278,6.0,0.07130904531538734,42,loss_plateau_last5,benchmark_results_walsh_article/unweighted/baseline/n8/graph03_trainseed04/histories/history_visit037_j037.json,0.008012327993873747
38,38,True,0.05431838266374046,0.04261964998864343,-7.162678111847229,7.162678111847229,6.0,0.07131508002446921,32,loss_plateau_last5,benchmark_results_walsh_article/unweighted/baseline/n8/graph03_trainseed04/histories/history_visit038_j038.json,0.010422965010951302
39,39,False,-0.0008813593817550273,0.0,-7.162678111847229,7.162678111847229,6.0,0.07131508002446921,47,loss_plateau_last5_and_discarded_near_zero,benchmark_results_walsh_article/unweighted/baseline/n8/graph03_trainseed04/histories/history_visit039_j039.json,0.0
40,40,False,-8.704952625678865e-05,0.0,-7.162678111847229,7.162678111847229,6.0,0.07131508002446921,38,loss_plateau_last5_and_discarded_near_zero,benchmark_results_walsh_article/unweighted/baseline/n8/graph03_trainseed04/histories/history_visit040_j040.json,0.0
41,41,True,0.044773626259913525,0.03514164441501661,-7.169677899435813,7.169677899435813,6.0,0.07190883420239115,48,loss_plateau_last5,benchmark_results_walsh_article/unweighted/baseline/n8/graph03_trainseed04/histories/history_visit041_j041.json,0.0069997875885841054
42,42,True,-0.04069237413216834,-0.03194208721298456,-7.17539239512222,7.17539239512222,6.0,0.07234887020094975,45,loss_plateau_last5,benchmark_results_walsh_article/unweighted/baseline/n8/graph03_trainseed04/histories/history_visit042_j042.json,0.005714495686406806
43,43,False,-0.0005701413048533237,0.0,-7.17539239512222,7.17539239512222,6.0,0.07234887020094975,39,loss_plateau_last5_and_discarded_near_zero,benchmark_results_walsh_article/unweighted/baseline/n8/graph03_trainseed04/histories/history_visit043_j043.json,0.0
44,44,True,-0.03057397813626317,-0.02400526695581762,-7.178679310494353,7.178679310494353,6.0,0.07258651063251562,45,loss_plateau_last5,benchmark_results_walsh_article/unweighted/baseline/n8/graph03_trainseed04/histories/history_visit044_j044.json,0.0032869153721328814
45,45,True,0.0017782454082298678,0.0013966292055738463,-7.1786740502296835,7.1786740502296835,6.0,0.0725868194938486,44,loss_plateau_last5,benchmark_results_walsh_article/unweighted/baseline/n8/graph03_trainseed04/histories/history_visit045_j045.json,-5.260264669182391e-06
46,46,True,-0.0013824587343344136,-0.0010857798592077822,-7.178672480470288,7.178672480470288,6.0,0.072586878511617,42,loss_plateau_last5,benchmark_results_walsh_article/unweighted/baseline/n8/graph03_trainseed04/histories/history_visit046_j046.json,-1.5697593953589717e-06
47,47,True,0.02659611653086712,0.020883617276371315,-7.181455380425333,7.181455380425333,6.0,0.07274474350030445,43,loss_plateau_last5,benchmark_results_walsh_article/unweighted/baseline/n8/graph03_trainseed04/histories/history_visit047_j047.json,0.002782899955044549
48,48,True,0.002266415288459718,0.0017800353572539642,-7.181447130757762,7.181447130757762,6.0,0.07274522259446947,48,loss_plateau_last5,benchmark_results_walsh_article/unweighted/baseline/n8/graph03_trainseed04/histories/history_visit048_j048.json,-8.249667570403574e-06
49,49,True,-0.038484858768899406,-0.030211023843274558,-7.187039905144771,7.187039905144771,6.0,0.07294571921490162,37,loss_plateau_last5,benchmark_results_walsh_article/unweighted/baseline/n8/graph03_trainseed04/histories/history_visit049_j049.json,0.005592774387008781
50,50,True,0.04605756109938629,0.036147967297181026,-7.194341256968597,7.194341256968597,6.0,0.07315471892426179,32,loss_plateau_last5,benchmark_results_walsh_article/unweighted/baseline/n8/graph03_trainseed04/histories/history_visit050_j050.json,0.007301351823826074
51,51,False,-9.391903139263072e-05,0.0,-7.194341256968597,7.194341256968597,6.0,0.07315471892426179,46,loss_plateau_last5_and_discarded_near_zero,benchmark_results_walsh_article/unweighted/baseline/n8/graph03_trainseed04/histories/history_visit051_j051.json,0.0
52,52,True,0.04398623529179415,0.03452444544650679,-7.200614760141684,7.200614760141684,6.0,0.07325594170744701,36,loss_plateau_last5,benchmark_results_walsh_article/unweighted/baseline/n8/graph03_trainseed04/histories/history_visit052_j052.json,0.006273503173086503
53,53,False,0.0001788255590059254,0.0,-7.200614760141684,7.200614760141684,6.0,0.07325594170744701,48,loss_plateau_last5_and_discarded_near_zero,benchmark_results_walsh_article/unweighted/baseline/n8/graph03_trainseed04/histories/history_visit053_j053.json,0.0
54,54,True,-0.0018501373931903687,-0.0014530928526620356,-7.2006055754289715,7.2006055754289715,6.0,0.07325677465339175,42,loss_plateau_last5,benchmark_results_walsh_article/unweighted/baseline/n8/graph03_trainseed04/histories/history_visit054_j054.json,-9.18471271216248e-06
55,55,True,-0.0564380398654573,-0.044279329224004155,-7.212471781793977,7.212471781793977,6.0,0.07337049916388155,30,loss_plateau_last5,benchmark_results_walsh_article/unweighted/baseline/n8/graph03_trainseed04/histories/history_visit055_j055.json,0.01186620636500546
56,56,True,-0.03040327853104955,-0.023871324345516785,-7.215685154700611,7.215685154700611,6.0,0.0735815430073689,49,loss_plateau_last5,benchmark_results_walsh_article/unweighted/baseline/n8/graph03_trainseed04/histories/history_visit056_j056.json,0.0032133729066341488
57,57,False,0.0004371176069634941,0.0,-7.215685154700611,7.215685154700611,6.0,0.0735815430073689,45,loss_plateau_last5_and_discarded_near_zero,benchmark_results_walsh_article/unweighted/baseline/n8/graph03_trainseed04/histories/history_visit057_j057.json,0.0
58,58,False,0.0006722778314124291,0.0,-7.215685154700611,7.215685154700611,6.0,0.0735815430073689,41,loss_plateau_last5_and_discarded_near_zero,benchmark_results_walsh_article/unweighted/baseline/n8/graph03_trainseed04/histories/history_visit058_j058.json,0.0
59,59,True,0.028948982025289977,0.022730128057129276,-7.218743897753403,7.218743897753403,6.0,0.07373848886023605,43,loss_plateau_last5,benchmark_results_walsh_article/unweighted/baseline/n8/graph03_trainseed04/histories/history_visit059_j059.json,0.003058743052791968
60,60,False,-0.00015380514337725963,0.0,-7.218743897753403,7.218743897753403,6.0,0.07373848886023605,41,loss_plateau_last5_and_discarded_near_zero,benchmark_results_walsh_article/unweighted/baseline/n8/graph03_trainseed04/histories/history_visit060_j060.json,0.0
61,61,True,0.030567928879104755,0.024000520317865724,-7.222068420441749,7.222068420441749,6.0,0.07387247892182532,52,loss_plateau_last5,benchmark_results_walsh_article/unweighted/baseline/n8/graph03_trainseed04/histories/history_visit061_j061.json,0.0033245226883460433
62,62,True,-0.032087049453118265,-0.025192464427421835,-7.225916915486398,7.225916915486398,6.0,0.07397657537702268,44,loss_plateau_last5,benchmark_results_walsh_article/unweighted/baseline/n8/graph03_trainseed04/histories/history_visit062_j062.json,0.003848495044648459
63,63,True,0.0017746828934088695,0.001393831221806317,-7.225907348460794,7.225907348460794,6.0,0.07397715520108608,45,loss_plateau_last5,benchmark_results_walsh_article/unweighted/baseline/n8/graph03_trainseed04/histories/history_visit063_j063.json,-9.567025603729462e-06
64,64,True,-0.03866571488945259,-0.03035285674825822,-7.231055830584001,7.231055830584001,7.0,0.07417338668761865,47,loss_plateau_last5,benchmark_results_walsh_article/unweighted/baseline/n8/graph03_trainseed04/histories/history_visit064_j064.json,0.0051484821232072875
65,65,False,0.0003064648181494399,0.0,-7.231055830584001,7.231055830584001,7.0,0.07417338668761865,48,loss_plateau_last5_and_discarded_near_zero,benchmark_results_walsh_article/unweighted/baseline/n8/graph03_trainseed04/histories/history_visit065_j065.json,0.0
66,66,False,0.0005069656343671893,0.0,-7.231055830584001,7.231055830584001,7.0,0.07417338668761865,48,loss_plateau_last5_and_discarded_near_zero,benchmark_results_walsh_article/unweighted/baseline/n8/graph03_trainseed04/histories/history_visit066_j066.json,0.0
67,67,True,0.06549112410903435,0.051363195838791474,-7.246341750279531,7.246341750279531,7.0,0.07462321169803611,49,loss_plateau_last5,benchmark_results_walsh_article/unweighted/baseline/n8/graph03_trainseed04/histories/history_visit067_j067.json,0.015285919695529948
68,68,False,-0.00021517677573741796,0.0,-7.246341750279531,7.246341750279531,7.0,0.07462321169803611,41,loss_plateau_last5_and_discarded_near_zero,benchmark_results_walsh_article/unweighted/baseline/n8/graph03_trainseed04/histories/history_visit068_j068.json,0.0
69,69,True,0.07425501879292609,0.05821280328778317,-7.267356473094696,7.267356473094696,7.0,0.07500790011412511,48,loss_plateau_last5,benchmark_results_walsh_article/unweighted/baseline/n8/graph03_trainseed04/histories/history_visit069_j069.json,0.021014722815165143
70,70,True,-0.09863563935309795,-0.0772179945815199,-7.30590002299709,7.30590002299709,7.0,0.0755029823010107,56,loss_plateau_last5,benchmark_results_walsh_article/unweighted/baseline/n8/graph03_trainseed04/histories/history_visit070_j070.json,0.038543549902393615
71,71,False,0.0004463214828840647,0.0,-7.30590002299709,7.30590002299709,7.0,0.0755029823010107,42,loss_plateau_last5_and_discarded_near_zero,benchmark_results_walsh_article/unweighted/baseline/n8/graph03_trainseed04/histories/history_visit071_j071.json,0.0
72,72,False,0.0011847559115179492,0.0,-7.30590002299709,7.30590002299709,7.0,0.0755029823010107,48,loss_plateau_last5_and_discarded_near_zero,benchmark_results_walsh_article/unweighted/baseline/n8/graph03_trainseed04/histories/history_visit072_j072.json,0.0
73,73,True,0.024966270769893384,0.01960439014411011,-7.308012330995052,7.308012330995052,7.0,0.07537143192017809,47,loss_plateau_last5,benchmark_results_walsh_article/unweighted/baseline/n8/graph03_trainseed04/histories/history_visit073_j073.json,0.0021123079979625814
74,74,True,-0.061328660005844846,-0.04810711847946666,-7.322040630033643,7.322040630033643,7.0,0.0752686286337094,47,loss_plateau_last5,benchmark_results_walsh_article/unweighted/baseline/n8/graph03_trainseed04/histories/history_visit074_j074.json,0.01402829903859093
75,75,False,-0.00047650513138537383,0.0,-7.322040630033643,7.322040630033643,7.0,0.0752686286337094,44,loss_plateau_last5_and_discarded_near_zero,benchmark_results_walsh_article/unweighted/baseline/n8/graph03_trainseed04/histories/history_visit075_j075.json,0.0
76,76,True,-0.039801029673142606,-0.031243159690150936,-7.328035172141703,7.328035172141703,7.0,0.07498663867254371,46,loss_plateau_last5,benchmark_results_walsh_article/unweighted/baseline/n8/graph03_trainseed04/histories/history_visit076_j076.json,0.0059945421080600525
77,77,False,0.0008290381879754571,0.0,-7.328035172141703,7.328035172141703,7.0,0.07498663867254371,46,loss_plateau_last5_and_discarded_near_zero,benchmark_results_walsh_article/unweighted/baseline/n8/graph03_trainseed04/histories/history_visit077_j077.json,0.0
78,78,True,-0.0019277310594680965,-0.0015140345581725787,-7.3280251433067845,7.3280251433067845,7.0,0.07498702136037189,44,loss_plateau_last5,benchmark_results_walsh_article/unweighted/baseline/n8/graph03_trainseed04/histories/history_visit078_j078.json,-1.002883491896256e-05
79,79,True,0.08184174236081812,0.06413522395017508,-7.353332197258259,7.353332197258259,7.0,0.07470570272406662,49,loss_plateau_last5,benchmark_results_walsh_article/unweighted/baseline/n8/graph03_trainseed04/histories/history_visit079_j079.json,0.025307053951474145
80,80,False,0.00025856007886018977,0.0,-7.353332197258259,7.353332197258259,7.0,0.07470570272406662,46,loss_plateau_last5_and_discarded_near_zero,benchmark_results_walsh_article/unweighted/baseline/n8/graph03_trainseed04/histories/history_visit080_j080.json,0.0
81,81,True,0.003627178209142178,0.002848766610594794,-7.353351834873794,7.353351834873794,7.0,0.07473867839256945,49,loss_plateau_last5,benchmark_results_walsh_article/unweighted/baseline/n8/graph03_trainseed04/histories/history_visit081_j081.json,1.963761553547272e-05
82,82,True,-0.004987074121176041,-0.003916806384041656,-7.353421571859003,7.353421571859003,7.0,0.07478441836450847,41,loss_plateau_last5,benchmark_results_walsh_article/unweighted/baseline/n8/graph03_trainseed04/histories/history_visit082_j082.json,6.973698520873484e-05
83,83,False,-0.0004946521856168972,0.0,-7.353421571859003,7.353421571859003,7.0,0.07478441836450847,45,loss_plateau_last5_and_discarded_near_zero,benchmark_results_walsh_article/unweighted/baseline/n8/graph03_trainseed04/histories/history_visit083_j083.json,0.0
84,84,True,-0.007526458264547696,-0.005911154880756967,-7.353618483193734,7.353618483193734,7.0,0.07485356208146257,48,loss_plateau_last5,benchmark_results_walsh_article/unweighted/baseline/n8/graph03_trainseed04/histories/history_visit084_j084.json,0.000196911334731098
85,85,False,-0.0005494556051430623,0.0,-7.353618483193734,7.353618483193734,7.0,0.07485356208146257,42,loss_plateau_last5_and_discarded_near_zero,benchmark_results_walsh_article/unweighted/baseline/n8/graph03_trainseed04/histories/history_visit085_j085.json,0.0
86,86,False,-0.0006204004094324134,0.0,-7.353618483193734,7.353618483193734,7.0,0.07485356208146257,39,loss_plateau_last5_and_discarded_near_zero,benchmark_results_walsh_article/unweighted/baseline/n8/graph03_trainseed04/histories/history_visit086_j086.json,0.0
87,87,True,0.0049231890415880695,0.003866632391830448,-7.353681536656502,7.353681536656502,7.0,0.07489576633141942,49,loss_plateau_last5,benchmark_results_walsh_article/unweighted/baseline/n8/graph03_trainseed04/histories/history_visit087_j087.json,6.305346276835877e-05
88,88,True,0.017529626625225204,0.013766326510607309,-7.354947629033024,7.354947629033024,7.0,0.07478231370026149,45,loss_plateau_last5,benchmark_results_walsh_article/unweighted/baseline/n8/graph03_trainseed04/histories/history_visit088_j088.json,0.0012660923765217547
89,89,True,-0.0018829071392560876,-0.0014788300613686454,-7.3549388618761204,7.3549388618761204,7.0,0.07478247273845157,48,loss_plateau_last5,benchmark_results_walsh_article/unweighted/baseline/n8/graph03_trainseed04/histories/history_visit089_j089.json,-8.767156903566331e-06
90,90,False,0.0010087462103330657,0.0,-7.3549388618761204,7.3549388618761204,7.0,0.07478247273845157,41,loss_plateau_last5_and_discarded_near_zero,benchmark_results_walsh_article/unweighted/baseline/n8/graph03_trainseed04/histories/history_visit090_j090.json,0.0
91,91,True,-0.011680451007964873,-0.009173387589037432,-7.3554974169221605,7.3554974169221605,7.0,0.07468815713726198,42,loss_plateau_last5,benchmark_results_walsh_article/unweighted/baseline/n8/graph03_trainseed04/histories/history_visit091_j091.json,0.0005585550460400768
92,92,True,0.0016235197091726962,0.0012751082775069539,-7.355502114170141,7.355502114170141,7.0,0.07468810260732896,44,loss_plateau_last5,benchmark_results_walsh_article/unweighted/baseline/n8/graph03_trainseed04/histories/history_visit092_j092.json,4.697247980800512e-06
93,93,True,-0.027302768234296372,-0.021438217315113896,-7.358560999691898,7.358560999691898,7.0,0.07451250868029977,43,loss_plateau_last5,benchmark_results_walsh_article/unweighted/baseline/n8/graph03_trainseed04/histories/history_visit093_j093.json,0.0030588855217565936
94,94,True,0.019988561176034782,0.01569688876716244,-7.360212354385233,7.360212354385233,7.0,0.07433967007555149,44,loss_plateau_last5,benchmark_results_walsh_article/unweighted/baseline/n8/graph03_trainseed04/histories/history_visit094_j094.json,0.0016513546933349943
95,95,False,0.0005426811111423351,0.0,-7.360212354385233,7.360212354385233,7.0,0.07433967007555149,43,loss_plateau_last5_and_discarded_near_zero,benchmark_results_walsh_article/unweighted/baseline/n8/graph03_trainseed04/histories/history_visit095_j095.json,0.0
96,96,False,-0.0009452514767446726,0.0,-7.360212354385233,7.360212354385233,7.0,0.07433967007555149,48,loss_plateau_last5_and_discarded_near_zero,benchmark_results_walsh_article/unweighted/baseline/n8/graph03_trainseed04/histories/history_visit096_j096.json,0.0
97,97,True,0.011971940369245319,0.009402290780774552,-7.360828911321949,7.360828911321949,7.0,0.0743358491942088,45,loss_plateau_last5,benchmark_results_walsh_article/unweighted/baseline/n8/graph03_trainseed04/histories/history_visit097_j097.json,0.0006165569367162504
98,98,True,-0.014172542189430325,-0.011130343399106082,-7.361708168079225,7.361708168079225,7.0,0.0743277073202894,45,loss_plateau_last5,benchmark_results_walsh_article/unweighted/baseline/n8/graph03_trainseed04/histories/history_visit098_j098.json,0.0008792567572761811
99,99,True,-0.001408642982915452,-0.001106344879900414,-7.361699654934892,7.361699654934892,7.0,0.07432789467707632,46,loss_plateau_last5,benchmark_results_walsh_article/unweighted/baseline/n8/graph03_trainseed04/histories/history_visit099_j099.json,-8.513144333477385e-06
100,100,True,-0.023363092727239496,-0.018345992284643224,-7.364009621716048,7.364009621716048,7.0,0.07432881769532788,50,loss_plateau_last5,benchmark_results_walsh_article/unweighted/baseline/n8/graph03_trainseed04/histories/history_visit100_j100.json,0.0023099667811559144
101,101,False,-0.0009740740675801126,0.0,-7.364009621716048,7.364009621716048,7.0,0.07432881769532788,38,loss_plateau_last5_and_discarded_near_zero,benchmark_results_walsh_article/unweighted/baseline/n8/graph03_trainseed04/histories/history_visit101_j101.json,0.0
102,102,True,0.001892100309837929,0.0014860503349358872,-7.364016504262597,7.364016504262597,7.0,0.07432907808701024,47,loss_plateau_last5,benchmark_results_walsh_article/unweighted/baseline/n8/graph03_trainseed04/histories/history_visit102_j102.json,6.882546549569213e-06
103,103,True,0.028833174826541862,0.022639249173230215,-7.366844456134179,7.366844456134179,7.0,0.07432070943776442,42,loss_plateau_last5,benchmark_results_walsh_article/unweighted/baseline/n8/graph03_trainseed04/histories/history_visit103_j103.json,0.002827951871581469
104,104,True,0.007211119240647761,0.005663501640168898,-7.366977351298365,7.366977351298365,7.0,0.07434421595300265,47,loss_plateau_last5,benchmark_results_walsh_article/unweighted/baseline/n8/graph03_trainseed04/histories/history_visit104_j104.json,0.0001328951641861309
105,105,False,0.000493031941319319,0.0,-7.366977351298365,7.366977351298365,7.0,0.07434421595300265,42,loss_plateau_last5_and_discarded_near_zero,benchmark_results_walsh_article/unweighted/baseline/n8/graph03_trainseed04/histories/history_visit105_j105.json,0.0
106,106,False,-0.0006994347136116239,0.0,-7.366977351298365,7.366977351298365,7.0,0.07434421595300265,40,loss_plateau_last5_and_discarded_near_zero,benchmark_results_walsh_article/unweighted/baseline/n8/graph03_trainseed04/histories/history_visit106_j106.json,0.0
107,107,True,-0.003523496733638286,-0.002767336411158417,-7.367029411975741,7.367029411975741,7.0,0.07435295254721963,42,loss_plateau_last5,benchmark_results_walsh_article/unweighted/baseline/n8/graph03_trainseed04/histories/history_visit107_j107.json,5.206067737617559e-05
108,108,False,-0.0007873732620665153,0.0,-7.367029411975741,7.367029411975741,7.0,0.07435295254721963,45,loss_plateau_last5_and_discarded_near_zero,benchmark_results_walsh_article/unweighted/baseline/n8/graph03_trainseed04/histories/history_visit108_j108.json,0.0
109,109,True,-0.013736110285319415,-0.010787637325768843,-7.367802295069106,7.367802295069106,7.0,0.07440275473778739,44,loss_plateau_last5,benchmark_results_walsh_article/unweighted/baseline/n8/graph03_trainseed04/histories/history_visit109_j109.json,0.0007728830933650954
110,110,True,0.010114396195057575,0.007943557319339793,-7.368146607644822,7.368146607644822,7.0,0.07442878040837422,41,loss_plateau_last5,benchmark_results_walsh_article/unweighted/baseline/n8/graph03_trainseed04/histories/history_visit110_j110.json,0.0003443125757156551
111,111,True,0.0013054683540966957,0.0010253118652193307,-7.368141380492654,7.368141380492654,7.0,0.07442924158546882,48,loss_plateau_last5,benchmark_results_walsh_article/unweighted/baseline/n8/graph03_trainseed04/histories/history_visit111_j111.json,-5.227152167996962e-06
112,112,True,-0.017835537391280003,-0.014006513154682494,-7.369198737345456,7.369198737345456,7.0,0.07444330358225187,46,loss_plateau_last5,benchmark_results_walsh_article/unweighted/baseline/n8/graph03_trainseed04/histories/history_visit112_j112.json,0.0010573568528018384
113,113,False,-0.001039756519401901,0.0,-7.369198737345456,7.369198737345456,7.0,0.07444330358225187,38,loss_plateau_last5_and_discarded_near_zero,benchmark_results_walsh_article/unweighted/baseline/n8/graph03_trainseed04/histories/history_visit113_j113.json,0.0
114,114,False,-0.0005032712199257369,0.0,-7.369198737345456,7.369198737345456,7.0,0.07444330358225187,42,loss_plateau_last5_and_discarded_near_zero,benchmark_results_walsh_article/unweighted/baseline/n8/graph03_trainseed04/histories/history_visit114_j114.json,0.0
115,115,True,0.023011256509929634,0.018069809283638605,-7.371349765338319,7.371349765338319,7.0,0.07445862190919986,48,loss_plateau_last5,benchmark_results_walsh_article/unweighted/baseline/n8/graph03_trainseed04/histories/history_visit115_j115.json,0.0021510279928635967
116,116,True,-0.0030558063129960972,-0.0024000171955148118,-7.371346414259587,7.371346414259587,7.0,0.0744598131260407,38,loss_plateau_last5,benchmark_results_walsh_article/unweighted/baseline/n8/graph03_trainseed04/histories/history_visit116_j116.json,-3.3510787327273306e-06
117,117,True,0.023182631650653897,0.018204335225927605,-7.373593710177451,7.373593710177451,7.0,0.07445326656748336,44,loss_plateau_last5,benchmark_results_walsh_article/unweighted/baseline/n8/graph03_trainseed04/histories/history_visit117_j117.json,0.0022472959178641005
118,118,True,-0.03300305286503101,-0.025911130309090126,-7.377790623944012,7.377790623944012,7.0,0.07445198730728922,46,loss_plateau_last5,benchmark_results_walsh_article/unweighted/baseline/n8/graph03_trainseed04/histories/history_visit118_j118.json,0.004196913766561394
119,119,False,-0.0006362806854766359,0.0,-7.377790623944012,7.377790623944012,7.0,0.07445198730728922,38,loss_plateau_last5_and_discarded_near_zero,benchmark_results_walsh_article/unweighted/baseline/n8/graph03_trainseed04/histories/history_visit119_j119.json,0.0
120,120,False,-0.00036408974557186613,0.0,-7.377790623944012,7.377790623944012,7.0,0.07445198730728922,45,loss_plateau_last5_and_discarded_near_zero,benchmark_results_walsh_article/unweighted/baseline/n8/graph03_trainseed04/histories/history_visit120_j120.json,0.0
121,121,True,-0.008594796244159306,-0.006750170972871019,-7.378054305136603,7.378054305136603,7.0,0.07447176220851627,45,loss_plateau_last5,benchmark_results_walsh_article/unweighted/baseline/n8/graph03_trainseed04/histories/history_visit121_j121.json,0.00026368119259068123
122,122,True,0.007773752233119054,0.00610536774214589,-7.378239291188727,7.378239291188727,7.0,0.07448607417836495,46,loss_plateau_last5,benchmark_results_walsh_article/unweighted/baseline/n8/graph03_trainseed04/histories/history_visit122_j122.json,0.00018498605212435848
123,123,False,-0.001092505369695222,0.0,-7.378239291188727,7.378239291188727,7.0,0.07448607417836495,40,loss_plateau_last5_and_discarded_near_zero,benchmark_results_walsh_article/unweighted/baseline/n8/graph03_trainseed04/histories/history_visit123_j123.json,0.0
124,124,True,0.015951095743862533,0.012526898882002322,-7.379185268246428,7.379185268246428,7.0,0.07452659279555002,46,loss_plateau_last5,benchmark_results_walsh_article/unweighted/baseline/n8/graph03_trainseed04/histories/history_visit124_j124.json,0.0009459770577011639
125,125,False,0.001196251242566333,0.0,-7.379185268246428,7.379185268246428,7.0,0.07452659279555002,39,loss_plateau_last5_and_discarded_near_zero,benchmark_results_walsh_article/unweighted/baseline/n8/graph03_trainseed04/histories/history_visit125_j125.json,0.0
126,126,True,-0.0013852712233399993,-0.001087988778677078,-7.3791854365585365,7.3791854365585365,7.0,0.0745266825318032,47,loss_plateau_last5,benchmark_results_walsh_article/unweighted/baseline/n8/graph03_trainseed04/histories/history_visit126_j126.json,1.683121082507455e-07
127,127,True,-0.015375591692357842,-0.012075009945039747,-7.379873011331125,7.379873011331125,7.0,0.07455422776437018,37,loss_plateau_last5,benchmark_results_walsh_article/unweighted/baseline/n8/graph03_trainseed04/histories/history_visit127_j127.json,0.0006875747725887393
128,128,True,-0.08417260291885897,-0.06595332090740678,-7.410291330489972,7.410291330489972,9.0,0.07547920303373856,59,loss_plateau_last5,benchmark_results_walsh_article/unweighted/baseline/n8/graph03_trainseed04/histories/history_visit128_j128.json,0.030418319158846963
129,129,False,-0.00040378455502619766,0.0,-7.410291330489972,7.410291330489972,9.0,0.07547920303373856,40,loss_plateau_last5_and_discarded_near_zero,benchmark_results_walsh_article/unweighted/baseline/n8/graph03_trainseed04/histories/history_visit129_j129.json,0.0
130,130,False,0.0010155095952578443,0.0,-7.410291330489972,7.410291330489972,9.0,0.07547920303373856,37,loss_plateau_last5_and_discarded_near_zero,benchmark_results_walsh_article/unweighted/baseline/n8/graph03_trainseed04/histories/history_visit130_j130.json,0.0
131,131,True,0.12029148282692466,0.09402363794148332,-7.46987072127127,7.46987072127127,9.0,0.07691133490946708,54,loss_plateau_last5,benchmark_results_walsh_article/unweighted/baseline/n8/graph03_trainseed04/histories/history_visit131_j131.json,0.05957939078129737
132,132,False,-0.00018539309606288102,0.0,-7.46987072127127,7.46987072127127,9.0,0.07691133490946708,43,loss_plateau_last5_and_discarded_near_zero,benchmark_results_walsh_article/unweighted/baseline/n8/graph03_trainseed04/histories/history_visit132_j132.json,0.0
133,133,True,0.11619002881530129,0.09084698753872261,-7.526384124930864,7.526384124930864,9.0,0.07763921177658956,60,loss_plateau_last5,benchmark_results_walsh_article/unweighted/baseline/n8/graph03_trainseed04/histories/history_visit133_j133.json,0.05651340365959445
134,134,True,-0.13599025442372104,-0.10615292703142064,-7.604570123036858,7.604570123036858,9.0,0.07811852685263034,58,loss_plateau_last5,benchmark_results_walsh_article/unweighted/baseline/n8/graph03_trainseed04/histories/history_visit134_j134.json,0.0781859981059938
135,135,False,-0.0007402661882723888,0.0,-7.604570123036858,7.604570123036858,9.0,0.07811852685263034,39,loss_plateau_last5_and_discarded_near_zero,benchmark_results_walsh_article/unweighted/baseline/n8/graph03_trainseed04/histories/history_visit135_j135.json,0.0
136,136,False,0.0007693805280499988,0.0,-7.604570123036858,7.604570123036858,9.0,0.07811852685263034,41,loss_plateau_last5_and_discarded_near_zero,benchmark_results_walsh_article/unweighted/baseline/n8/graph03_trainseed04/histories/history_visit136_j136.json,0.0
137,137,True,0.05391793849279026,0.04230606120446497,-7.616177856526102,7.616177856526102,9.0,0.07776301047185435,48,loss_plateau_last5,benchmark_results_walsh_article/unweighted/baseline/n8/graph03_trainseed04/histories/history_visit137_j137.json,0.011607733489244154
138,138,True,-0.08072764166815323,-0.06326596741413781,-7.643951036204749,7.643951036204749,9.0,0.07730727615174952,52,loss_plateau_last5,benchmark_results_walsh_article/unweighted/baseline/n8/graph03_trainseed04/histories/history_visit138_j138.json,0.027773179678646898
139,139,True,-0.0019012866664347037,-0.0014932652565799339,-7.643945351709095,7.643945351709095,9.0,0.07730784335611808,47,loss_plateau_last5,benchmark_results_walsh_article/unweighted/baseline/n8/graph03_trainseed04/histories/history_visit139_j139.json,-5.684495653746069e-06
140,140,True,-0.07900286030456381,-0.06191993153200241,-7.670792639015416,7.670792639015416,9.0,0.07657208355464543,58,loss_plateau_last5,benchmark_results_walsh_article/unweighted/baseline/n8/graph03_trainseed04/histories/history_visit140_j140.json,0.02684728730632102
141,141,True,-0.0018145975601368347,-0.0014251800267766639,-7.670787185146085,7.670787185146085,9.0,0.07657247950923182,41,loss_plateau_last5,benchmark_results_walsh_article/unweighted/baseline/n8/graph03_trainseed04/histories/history_visit141_j141.json,-5.45386933126224e-06
142,142,True,0.0017491915919198861,0.0013738104625883093,-7.670786896380279,7.670786896380279,9.0,0.07657270382263667,45,loss_plateau_last5,benchmark_results_walsh_article/unweighted/baseline/n8/graph03_trainseed04/histories/history_visit142_j142.json,-2.887658059336218e-07
143,143,True,0.10109410682234617,0.07912974018230515,-7.7151048290550595,7.7151048290550595,9.0,0.07555475586171789,57,loss_plateau_last5,benchmark_results_walsh_article/unweighted/baseline/n8/graph03_trainseed04/histories/history_visit143_j143.json,0.04431793267478046
144,144,True,-0.0013159257387859043,-0.0010335250618384226,-7.715099175518674,7.715099175518674,9.0,0.07555506985508872,43,loss_plateau_last5,benchmark_results_walsh_article/unweighted/baseline/n8/graph03_trainseed04/histories/history_visit144_j144.json,-5.65353638570798e-06
145,145,False,-0.0008511491146697843,0.0,-7.715099175518674,7.715099175518674,9.0,0.07555506985508872,44,loss_plateau_last5_and_discarded_near_zero,benchmark_results_walsh_article/unweighted/baseline/n8/graph03_trainseed04/histories/history_visit145_j145.json,0.0
146,146,True,-0.009812486443987568,-0.007706461494458202,-7.715651612303095,7.715651612303095,9.0,0.07568555281415885,45,loss_plateau_last5,benchmark_results_walsh_article/unweighted/baseline/n8/graph03_trainseed04/histories/history_visit146_j146.json,0.0005524367844209621
147,147,False,-0.00041806990117418744,0.0,-7.715651612303095,7.715651612303095,9.0,0.07568555281415885,48,loss_plateau_last5_and_discarded_near_zero,benchmark_results_walsh_article/unweighted/baseline/n8/graph03_trainseed04/histories/history_visit147_j147.json,0.0
148,148,False,0.000509186915656571,0.0,-7.715651612303095,7.715651612303095,9.0,0.07568555281415885,40,loss_plateau_last5_and_discarded_near_zero,benchmark_results_walsh_article/unweighted/baseline/n8/graph03_trainseed04/histories/history_visit148_j148.json,0.0
149,149,True,-0.0012843365210812698,-0.0010087149902096074,-7.715639077037836,7.715639077037836,9.0,0.07568576150862641,42,loss_plateau_last5,benchmark_results_walsh_article/unweighted/baseline/n8/graph03_trainseed04/histories/history_visit149_j149.json,-1.2535265258684092e-05
150,150,False,-0.0005871818066307695,0.0,-7.715639077037836,7.715639077037836,9.0,0.07568576150862641,44,loss_plateau_last5_and_discarded_near_zero,benchmark_results_walsh_article/unweighted/baseline/n8/graph03_trainseed04/histories/history_visit150_j150.json,0.0
151,151,True,0.002848084595235634,0.002236874362102419,-7.715662921521664,7.715662921521664,9.0,0.0757197139605822,42,loss_plateau_last5,benchmark_results_walsh_article/unweighted/baseline/n8/graph03_trainseed04/histories/history_visit151_j151.json,2.384448382830584e-05
152,152,True,0.028618373467881767,0.02247068371472994,-7.719315465888618,7.719315465888618,9.0,0.07544609564463914,42,loss_plateau_last5,benchmark_results_walsh_article/unweighted/baseline/n8/graph03_trainseed04/histories/history_visit152_j152.json,0.003652544366953947
153,153,False,-0.000302505730182655,0.0,-7.719315465888618,7.719315465888618,9.0,0.07544609564463914,42,loss_plateau_last5_and_discarded_near_zero,benchmark_results_walsh_article/unweighted/baseline/n8/graph03_trainseed04/histories/history_visit153_j153.json,0.0
154,154,False,0.0012325747521756102,0.0,-7.719315465888618,7.719315465888618,9.0,0.07544609564463914,43,loss_plateau_last5_and_discarded_near_zero,benchmark_results_walsh_article/unweighted/baseline/n8/graph03_trainseed04/histories/history_visit154_j154.json,0.0
155,155,True,-0.027077187522333773,-0.0212611775558381,-7.723014131714989,7.723014131714989,9.0,0.07514681798142911,45,loss_plateau_last5,benchmark_results_walsh_article/unweighted/baseline/n8/graph03_trainseed04/histories/history_visit155_j155.json,0.003698665826370906
156,156,True,0.0016152258811670808,0.0012685943373058116,-7.723005666698985,7.723005666698985,9.0,0.07514692917630224,38,loss_plateau_last5,benchmark_results_walsh_article/unweighted/baseline/n8/graph03_trainseed04/histories/history_visit156_j156.json,-8.46501600459959e-06
157,157,True,-0.038960300286224825,-0.030583875383468063,-7.730435733804772,7.730435733804772,9.0,0.07473394143983186,38,loss_plateau_last5,benchmark_results_walsh_article/unweighted/baseline/n8/graph03_trainseed04/histories/history_visit157_j157.json,0.007430067105786975
158,158,True,0.04369064066162852,0.03429273156362817,-7.738895908848156,7.738895908848156,9.0,0.07422229284764752,36,loss_plateau_last5,benchmark_results_walsh_article/unweighted/baseline/n8/graph03_trainseed04/histories/history_visit158_j158.json,0.008460175043384588
159,159,False,-0.0007522335017494997,0.0,-7.738895908848156,7.738895908848156,9.0,0.07422229284764752,43,loss_plateau_last5_and_discarded_near_zero,benchmark_results_walsh_article/unweighted/baseline/n8/graph03_trainseed04/histories/history_visit159_j159.json,0.0
160,160,False,-0.000397052230852618,0.0,-7.738895908848156,7.738895908848156,9.0,0.07422229284764752,48,loss_plateau_last5_and_discarded_near_zero,benchmark_results_walsh_article/unweighted/baseline/n8/graph03_trainseed04/histories/history_visit160_j160.json,0.0
161,161,True,0.024176240921608097,0.018984276651225672,-7.741353584115489,7.741353584115489,9.0,0.07422179865025133,49,loss_plateau_last5,benchmark_results_walsh_article/unweighted/baseline/n8/graph03_trainseed04/histories/history_visit161_j161.json,0.0024576752673324265
162,162,True,-0.03106508113788064,-0.024390612210046476,-7.745929842455405,7.745929842455405,9.0,0.07421577916327524,49,loss_plateau_last5,benchmark_results_walsh_article/unweighted/baseline/n8/graph03_trainseed04/histories/history_visit162_j162.json,0.004576258339916706
163,163,False,-0.00018056259943172084,0.0,-7.745929842455405,7.745929842455405,9.0,0.07421577916327524,37,loss_plateau_last5_and_discarded_near_zero,benchmark_results_walsh_article/unweighted/baseline/n8/graph03_trainseed04/histories/history_visit163_j163.json,0.0
164,164,True,-0.028847326582568732,-0.022650354696730175,-7.750253727284516,7.750253727284516,9.0,0.07416471206024192,43,loss_plateau_last5,benchmark_results_walsh_article/unweighted/baseline/n8/graph03_trainseed04/histories/history_visit164_j164.json,0.004323884829110725
165,165,True,0.0020805419670664963,0.0016340514820577152,-7.75024508616127,7.75024508616127,9.0,0.0741653329761115,40,loss_plateau_last5,benchmark_results_walsh_article/unweighted/baseline/n8/graph03_trainseed04/histories/history_visit165_j165.json,-8.64112324627797e-06
166,166,True,-0.002229595624542447,-0.0017511174069776278,-7.750232999088441,7.750232999088441,9.0,0.07416583908782648,39,loss_plateau_last5,benchmark_results_walsh_article/unweighted/baseline/n8/graph03_trainseed04/histories/history_visit166_j166.json,-1.2087072828848022e-05
167,167,True,0.03632403998440107,0.028516293587010872,-7.756542735977656,7.756542735977656,9.0,0.07409034043970679,51,loss_plateau_last5,benchmark_results_walsh_article/unweighted/baseline/n8/graph03_trainseed04/histories/history_visit167_j167.json,0.006309736889215323
168,168,True,0.012682304675224736,0.009960124806974629,-7.757340730418788,7.757340730418788,9.0,0.07415135650292189,43,loss_plateau_last5,benchmark_results_walsh_article/unweighted/baseline/n8/graph03_trainseed04/histories/history_visit168_j168.json,0.0007979944411315998
169,169,False,0.0005455832180380465,0.0,-7.757340730418788,7.757340730418788,9.0,0.07415135650292189,44,loss_plateau_last5_and_discarded_near_zero,benchmark_results_walsh_article/unweighted/baseline/n8/graph03_trainseed04/histories/history_visit169_j169.json,0.0
170,170,False,-0.000658993165197267,0.0,-7.757340730418788,7.757340730418788,9.0,0.07415135650292189,42,loss_plateau_last5_and_discarded_near_zero,benchmark_results_walsh_article/unweighted/baseline/n8/graph03_trainseed04/histories/history_visit170_j170.json,0.0
171,171,True,-0.01725561831653369,-0.013551185976838211,-7.758568168775694,7.758568168775694,9.0,0.07423598091375323,43,loss_plateau_last5,benchmark_results_walsh_article/unweighted/baseline/n8/graph03_trainseed04/histories/history_visit171_j171.json,0.0012274383569064184
172,172,False,-0.000855852255747819,0.0,-7.758568168775694,7.758568168775694,9.0,0.07423598091375323,43,loss_plateau_last5_and_discarded_near_zero,benchmark_results_walsh_article/unweighted/baseline/n8/graph03_trainseed04/histories/history_visit172_j172.json,0.0
173,173,True,-0.017620131538281087,-0.01383738695189995,-7.7597694772875325,7.7597694772875325,9.0,0.07430965214140009,40,loss_plateau_last5,benchmark_results_walsh_article/unweighted/baseline/n8/graph03_trainseed04/histories/history_visit173_j173.json,0.001201308511838306
174,174,True,0.018664932432194525,0.014657701543146055,-7.761395170945377,7.761395170945377,9.0,0.07437658492337973,40,loss_plateau_last5,benchmark_results_walsh_article/unweighted/baseline/n8/graph03_trainseed04/histories/history_visit174_j174.json,0.0016256936578447068
175,175,False,-0.0010553278377258162,0.0,-7.761395170945377,7.761395170945377,9.0,0.07437658492337973,49,loss_plateau_last5_and_discarded_near_zero,benchmark_results_walsh_article/unweighted/baseline/n8/graph03_trainseed04/histories/history_visit175_j175.json,0.0
176,176,True,-0.020217227160943575,-0.015876410051903857,-7.763393454717343,7.763393454717343,9.0,0.07436558510393332,49,loss_plateau_last5,benchmark_results_walsh_article/unweighted/baseline/n8/graph03_trainseed04/histories/history_visit176_j176.json,0.0019982837719654256
177,177,False,-0.0004254629320851206,0.0,-7.763393454717343,7.763393454717343,9.0,0.07436558510393332,40,loss_plateau_last5_and_discarded_near_zero,benchmark_results_walsh_article/unweighted/baseline/n8/graph03_trainseed04/histories/history_visit177_j177.json,0.0
178,178,False,-0.0008771309380643387,0.0,-7.763393454717343,7.763393454717343,9.0,0.07436558510393332,44,loss_plateau_last5_and_discarded_near_zero,benchmark_results_walsh_article/unweighted/baseline/n8/graph03_trainseed04/histories/history_visit178_j178.json,0.0
179,179,True,0.031345129211266476,0.0246103474126122,-7.768188087630543,7.768188087630543,9.0,0.0743657552716582,49,loss_plateau_last5,benchmark_results_walsh_article/unweighted/baseline/n8/graph03_trainseed04/histories/history_visit179_j179.json,0.004794632913200481
180,180,False,-0.00023795272520035294,0.0,-7.768188087630543,7.768188087630543,9.0,0.0743657552716582,43,loss_plateau_last5_and_discarded_near_zero,benchmark_results_walsh_article/unweighted/baseline/n8/graph03_trainseed04/histories/history_visit180_j180.json,0.0
181,181,True,0.027686034956296762,0.021739006854205333,-7.772134275737462,7.772134275737462,9.0,0.07431667906827587,50,loss_plateau_last5,benchmark_results_walsh_article/unweighted/baseline/n8/graph03_trainseed04/histories/history_visit181_j181.json,0.003946188106918491
182,182,True,-0.04111733031207179,-0.032275289184342394,-7.780268837588778,7.780268837588778,9.0,0.07426474365322362,53,loss_plateau_last5,benchmark_results_walsh_article/unweighted/baseline/n8/graph03_trainseed04/histories/history_visit182_j182.json,0.008134561851316668
183,183,False,0.0007242722507771497,0.0,-7.780268837588778,7.780268837588778,9.0,0.07426474365322362,43,loss_plateau_last5_and_discarded_near_zero,benchmark_results_walsh_article/unweighted/baseline/n8/graph03_trainseed04/histories/history_visit183_j183.json,0.0
184,184,True,0.0020905260945366516,0.0016418929633296385,-7.780255264317278,7.780255264317278,9.0,0.07426491968246968,44,loss_plateau_last5,benchmark_results_walsh_article/unweighted/baseline/n8/graph03_trainseed04/histories/history_visit184_j184.json,-1.3573271500533224e-05
185,185,True,-0.011444288343344423,-0.00898793066138663,-7.781002387764379,7.781002387764379,9.0,0.07429105025520773,47,loss_plateau_last5,benchmark_results_walsh_article/unweighted/baseline/n8/graph03_trainseed04/histories/history_visit185_j185.json,0.0007471234471010391
186,186,True,0.020353595147807643,0.015983469157526464,-7.782607433012187,7.782607433012187,9.0,0.07435231407134375,36,loss_plateau_last5,benchmark_results_walsh_article/unweighted/baseline/n8/graph03_trainseed04/histories/history_visit186_j186.json,0.0016050452478078014
187,187,False,-0.0005094629633757789,0.0,-7.782607433012187,7.782607433012187,9.0,0.07435231407134375,46,loss_plateau_last5_and_discarded_near_zero,benchmark_results_walsh_article/unweighted/baseline/n8/graph03_trainseed04/histories/history_visit187_j187.json,0.0
188,188,True,0.018788402081138425,0.014754640379271742,-7.784132316214645,7.784132316214645,9.0,0.07438744397826691,42,loss_plateau_last5,benchmark_results_walsh_article/unweighted/baseline/n8/graph03_trainseed04/histories/history_visit188_j188.json,0.0015248832024585823
189,189,True,-0.0032249802914554003,-0.0025328848168204043,-7.784126418246832,7.784126418246832,9.0,0.07438790617131408,39,loss_plateau_last5,benchmark_results_walsh_article/unweighted/baseline/n8/graph03_trainseed04/histories/history_visit189_j189.json,-5.897967812806826e-06
190,190,False,-5.8882210139519185e-05,0.0,-7.784126418246832,7.784126418246832,9.0,0.07438790617131408,39,loss_plateau_last5_and_discarded_near_zero,benchmark_results_walsh_article/unweighted/baseline/n8/graph03_trainseed04/histories/history_visit190_j190.json,0.0
191,191,True,-0.025040473071757365,-0.01966263207707082,-7.786852896812775,7.786852896812775,9.0,0.07443578396060052,40,loss_plateau_last5,benchmark_results_walsh_article/unweighted/baseline/n8/graph03_trainseed04/histories/history_visit191_j191.json,0.002726478565942436
192,192,False,0.0007460514408245186,0.0,-7.786852896812775,7.786852896812775,9.0,0.07443578396060052,49,loss_plateau_last5_and_discarded_near_zero,benchmark_results_walsh_article/unweighted/baseline/n8/graph03_trainseed04/histories/history_visit192_j192.json,0.0
193,193,True,-0.008338793730306614,-0.006549121482666122,-7.787281344440893,7.787281344440893,9.0,0.07435246552150228,44,loss_plateau_last5,benchmark_results_walsh_article/unweighted/baseline/n8/graph03_trainseed04/histories/history_visit193_j193.json,0.0004284476281180005
194,194,True,0.016333582604111593,0.012827225091572261,-7.788385261326635,7.788385261326635,9.0,0.0741984545137442,39,loss_plateau_last5,benchmark_results_walsh_article/unweighted/baseline/n8/graph03_trainseed04/histories/history_visit194_j194.json,0.0011039168857420734
195,195,False,-0.0009831376899015684,0.0,-7.788385261326635,7.788385261326635,9.0,0.0741984545137442,39,loss_plateau_last5_and_discarded_near_zero,benchmark_results_walsh_article/unweighted/baseline/n8/graph03_trainseed04/histories/history_visit195_j195.json,0.0
196,196,True,0.003944132298778375,0.0030976982008905736,-7.788449231838735,7.788449231838735,9.0,0.0741528407722254,49,loss_plateau_last5,benchmark_results_walsh_article/unweighted/baseline/n8/graph03_trainseed04/histories/history_visit196_j196.json,6.397051209994231e-05
197,197,False,0.0004346932627585032,0.0,-7.788449231838735,7.788449231838735,9.0,0.0741528407722254,38,loss_plateau_last5_and_discarded_near_zero,benchmark_results_walsh_article/unweighted/baseline/n8/graph03_trainseed04/histories/history_visit197_j197.json,0.0
198,198,True,0.0013725480773075756,0.0010779960621507911,-7.788435311068776,7.788435311068776,9.0,0.07415310926824857,41,loss_plateau_last5,benchmark_results_walsh_article/unweighted/baseline/n8/graph03_trainseed04/histories/history_visit198_j198.json,-1.3920769958986057e-05
199,199,True,-0.0149338473492127,-0.011728144424030668,-7.789487576680934,7.789487576680934,9.0,0.07399735555606883,40,loss_plateau_last5,benchmark_results_walsh_article/unweighted/baseline/n8/graph03_trainseed04/histories/history_visit199_j199.json,0.0010522656121585428
200,200,True,0.008192627633023853,0.006434330741422155,-7.7897547574723,7.7897547574723,9.0,0.07393630964020134,48,loss_plateau_last5,benchmark_results_walsh_article/unweighted/baseline/n8/graph03_trainseed04/histories/history_visit200_j200.json,0.00026718079136589523
201,201,False,-5.8669425114833e-05,0.0,-7.7897547574723,7.7897547574723,9.0,0.07393630964020134,37,loss_plateau_last5_and_discarded_near_zero,benchmark_results_walsh_article/unweighted/baseline/n8/graph03_trainseed04/histories/history_visit201_j201.json,0.0
202,202,True,-0.0017171584268653342,-0.0013486517491630328,-7.789743114338082,7.789743114338082,9.0,0.07393660148526982,45,loss_plateau_last5,benchmark_results_walsh_article/unweighted/baseline/n8/graph03_trainseed04/histories/history_visit202_j202.json,-1.1643134218530804e-05
203,203,True,-0.0163972981503596,-0.012877253764300852,-7.791169386214319,7.791169386214319,9.0,0.07382378280467827,45,loss_plateau_last5,benchmark_results_walsh_article/unweighted/baseline/n8/graph03_trainseed04/histories/history_visit203_j203.json,0.0014262718762374504
204,204,True,-0.0013753246185973862,-0.0010801767484639178,-7.791156968081642,7.791156968081642,9.0,0.07382386076036623,48,loss_plateau_last5,benchmark_results_walsh_article/unweighted/baseline/n8/graph03_trainseed04/histories/history_visit204_j204.json,-1.2418132676828009e-05
205,205,True,-0.0026801912633186175,-0.0021050122553673764,-7.791223032347084,7.791223032347084,9.0,0.07379920221682279,45,loss_plateau_last5,benchmark_results_walsh_article/unweighted/baseline/n8/graph03_trainseed04/histories/history_visit205_j205.json,6.606426544131239e-05
206,206,True,0.014101883276567565,0.011074859108611656,-7.792106495118123,7.792106495118123,9.0,0.07368665598167923,44,loss_plateau_last5,benchmark_results_walsh_article/unweighted/baseline/n8/graph03_trainseed04/histories/history_visit206_j206.json,0.000883462771039234
207,207,False,0.0012147097247291075,0.0,-7.792106495118123,7.792106495118123,9.0,0.07368665598167923,48,loss_plateau_last5_and_discarded_near_zero,benchmark_results_walsh_article/unweighted/baseline/n8/graph03_trainseed04/histories/history_visit207_j207.json,0.0
208,208,True,0.02536681283123647,0.0199187759794275,-7.794737903580108,7.794737903580108,9.0,0.07381053341216101,41,loss_plateau_last5,benchmark_results_walsh_article/unweighted/baseline/n8/graph03_trainseed04/histories/history_visit208_j208.json,0.002631408461985174
209,209,False,-0.0006395006375470745,0.0,-7.794737903580108,7.794737903580108,9.0,0.07381053341216101,46,loss_plateau_last5_and_discarded_near_zero,benchmark_results_walsh_article/unweighted/baseline/n8/graph03_trainseed04/histories/history_visit209_j209.json,0.0
210,210,False,-0.00032453646163019744,0.0,-7.794737903580108,7.794737903580108,9.0,0.07381053341216101,48,loss_plateau_last5_and_discarded_near_zero,benchmark_results_walsh_article/unweighted/baseline/n8/graph03_trainseed04/histories/history_visit210_j210.json,0.0
211,211,True,-0.028994731240120874,-0.022766029263654834,-7.7990886293333865,7.7990886293333865,9.0,0.07393459698477557,38,loss_plateau_last5,benchmark_results_walsh_article/unweighted/baseline/n8/graph03_trainseed04/histories/history_visit211_j211.json,0.004350725753278439
212,212,True,0.0020726278046075217,0.0016278357402012306,-7.799079069435479,7.799079069435479,9.0,0.0739351047023663,41,loss_plateau_last5,benchmark_results_walsh_article/unweighted/baseline/n8/graph03_trainseed04/histories/history_visit212_j212.json,-9.559897907962522e-06
213,213,True,-0.02640658441787565,-0.02073486360074385,-7.802862280739255,7.802862280739255,9.0,0.07400754145485564,43,loss_plateau_last5,benchmark_results_walsh_article/unweighted/baseline/n8/graph03_trainseed04/histories/history_visit213_j213.json,0.003783211303776568
214,214,True,0.03995401552278118,0.031363123625440706,-7.810383854453861,7.810383854453861,9.0,0.07414271405221304,37,loss_plateau_last5,benchmark_results_walsh_article/unweighted/baseline/n8/graph03_trainseed04/histories/history_visit214_j214.json,0.007521573714606156
215,215,True,-0.0021537672106660194,-0.001691562196086251,-7.810382874122782,7.810382874122782,9.0,0.07414302206524284,41,loss_plateau_last5,benchmark_results_walsh_article/unweighted/baseline/n8/graph03_trainseed04/histories/history_visit215_j215.json,-9.803310794254116e-07
216,216,False,0.0008993598216555454,0.0,-7.810382874122782,7.810382874122782,9.0,0.07414302206524284,45,loss_plateau_last5_and_discarded_near_zero,benchmark_results_walsh_article/unweighted/baseline/n8/graph03_trainseed04/histories/history_visit216_j216.json,0.0
217,217,True,-0.020902846017023025,-0.01641466626010105,-7.812644302065472,7.812644302065472,9.0,0.07424012728402399,40,loss_plateau_last5,benchmark_results_walsh_article/unweighted/baseline/n8/graph03_trainseed04/histories/history_visit217_j217.json,0.0022614279426900197
218,218,True,0.02893198460484286,0.022716789489185835,-7.81637319318375,7.81637319318375,9.0,0.0743784960883959,44,loss_plateau_last5,benchmark_results_walsh_article/unweighted/baseline/n8/graph03_trainseed04/histories/history_visit218_j218.json,0.0037288911182784545
219,219,False,-0.0007562172023981165,0.0,-7.81637319318375,7.81637319318375,9.0,0.0743784960883959,43,loss_plateau_last5_and_discarded_near_zero,benchmark_results_walsh_article/unweighted/baseline/n8/graph03_trainseed04/histories/history_visit219_j219.json,0.0
220,220,True,0.026785931859544476,0.02103259173024141,-7.820325334917019,7.820325334917019,9.0,0.07446632808829587,37,loss_plateau_last5,benchmark_results_walsh_article/unweighted/baseline/n8/graph03_trainseed04/histories/history_visit220_j220.json,0.003952141733268633
221,221,True,0.001468904192845125,0.0011536738255146933,-7.8203108690536585,7.8203108690536585,9.0,0.07446664920088492,41,loss_plateau_last5,benchmark_results_walsh_article/unweighted/baseline/n8/graph03_trainseed04/histories/history_visit221_j221.json,-1.4465863360513254e-05
222,222,True,0.0013209648051888071,0.0010374827284568844,-7.820307260814256,7.820307260814256,9.0,0.07446691361789745,39,loss_plateau_last5,benchmark_results_walsh_article/unweighted/baseline/n8/graph03_trainseed04/histories/history_visit222_j222.json,-3.6082394023750908e-06
223,223,True,-0.043000244462506554,-0.03375151317116991,-7.828554691810832,7.828554691810832,9.0,0.0746478982245752,42,loss_plateau_last5,benchmark_results_walsh_article/unweighted/baseline/n8/graph03_trainseed04/histories/history_visit223_j223.json,0.0082474309965761
224,224,True,0.00605529569189381,0.004755759989524841,-7.828759927300165,7.828759927300165,9.0,0.07462948095354324,46,loss_plateau_last5,benchmark_results_walsh_article/unweighted/baseline/n8/graph03_trainseed04/histories/history_visit224_j224.json,0.00020523548933315539
225,225,False,-0.001032145266127766,0.0,-7.828759927300165,7.828759927300165,9.0,0.07462948095354324,45,loss_plateau_last5_and_discarded_near_zero,benchmark_results_walsh_article/unweighted/baseline/n8/graph03_trainseed04/histories/history_visit225_j225.json,0.0
226,226,True,0.0015277585928861618,0.0011998978594285462,-7.8287561883497325,7.8287561883497325,9.0,0.07462966440402471,42,loss_plateau_last5,benchmark_results_walsh_article/unweighted/baseline/n8/graph03_trainseed04/histories/history_visit226_j226.json,-3.7389504328189105e-06
227,227,True,-0.011434828240865755,-0.008980501686498407,-7.829243636919038,7.829243636919038,9.0,0.07459923074501013,41,loss_plateau_last5,benchmark_results_walsh_article/unweighted/baseline/n8/graph03_trainseed04/histories/history_visit227_j227.json,0.00048744856930582614
228,228,False,0.000513262154164351,0.0,-7.829243636919038,7.829243636919038,9.0,0.07459923074501013,44,loss_plateau_last5_and_discarded_near_zero,benchmark_results_walsh_article/unweighted/baseline/n8/graph03_trainseed04/histories/history_visit228_j228.json,0.0
229,229,True,-0.0059599688586025636,-0.0046808931718912445,-7.829510475096818,7.829510475096818,9.0,0.07457671840047189,46,loss_plateau_last5,benchmark_results_walsh_article/unweighted/baseline/n8/graph03_trainseed04/histories/history_visit229_j229.json,0.0002668381777795048
230,230,True,0.009160991810570729,0.007194824871769212,-7.830059815475421,7.830059815475421,9.0,0.07454294376169956,44,loss_plateau_last5,benchmark_results_walsh_article/unweighted/baseline/n8/graph03_trainseed04/histories/history_visit230_j230.json,0.0005493403786029916
231,231,True,-0.0019276833849261564,-0.0015139971148140398,-7.8300488173370475,7.8300488173370475,9.0,0.07454314605957763,38,loss_plateau_last5,benchmark_results_walsh_article/unweighted/baseline/n8/graph03_trainseed04/histories/history_visit231_j231.json,-1.0998138373352617e-05
232,232,False,0.0007633388873373292,0.0,-7.8300488173370475,7.8300488173370475,9.0,0.07454314605957763,41,loss_plateau_last5_and_discarded_near_zero,benchmark_results_walsh_article/unweighted/baseline/n8/graph03_trainseed04/histories/history_visit232_j232.json,0.0
233,233,True,0.0014169662990870593,0.0011128819840867537,-7.830060931696202,7.830060931696202,9.0,0.07454478547189115,39,loss_plateau_last5,benchmark_results_walsh_article/unweighted/baseline/n8/graph03_trainseed04/histories/history_visit233_j233.json,1.2114359154935528e-05
234,234,False,-0.00029263449299220083,0.0,-7.830060931696202,7.830060931696202,9.0,0.07454478547189115,39,loss_plateau_last5_and_discarded_near_zero,benchmark_results_walsh_article/unweighted/baseline/n8/graph03_trainseed04/histories/history_visit234_j234.json,0.0
235,235,False,6.494514996365159e-05,0.0,-7.830060931696202,7.830060931696202,9.0,0.07454478547189115,41,loss_plateau_last5_and_discarded_near_zero,benchmark_results_walsh_article/unweighted/baseline/n8/graph03_trainseed04/histories/history_visit235_j235.json,0.0
236,236,True,-0.002729344722113549,-0.002143617009197591,-7.830054384133177,7.830054384133177,9.0,0.07454826764562011,40,loss_plateau_last5,benchmark_results_walsh_article/unweighted/baseline/n8/graph03_trainseed04/histories/history_visit236_j236.json,-6.547563025094405e-06
237,237,False,0.0003314859713250064,0.0,-7.830054384133177,7.830054384133177,9.0,0.07454826764562011,49,loss_plateau_last5_and_discarded_near_zero,benchmark_results_walsh_article/unweighted/baseline/n8/graph03_trainseed04/histories/history_visit237_j237.json,0.0
238,238,True,0.0021072948415196613,0.0016550630483923535,-7.830042263095452,7.830042263095452,9.0,0.07454887875290417,42,loss_plateau_last5,benchmark_results_walsh_article/unweighted/baseline/n8/graph03_trainseed04/histories/history_visit238_j238.json,-1.2121037725520978e-05
239,239,True,0.00186090035799446,0.0014615460363478741,-7.830052220070421,7.830052220070421,9.0,0.07455093684868401,47,loss_plateau_last5,benchmark_results_walsh_article/unweighted/baseline/n8/graph03_trainseed04/histories/history_visit239_j239.json,9.956974968972077e-06
240,240,False,-0.00026276948192269787,0.0,-7.830052220070421,7.830052220070421,9.0,0.07455093684868401,48,loss_plateau_last5_and_discarded_near_zero,benchmark_results_walsh_article/unweighted/baseline/n8/graph03_trainseed04/histories/history_visit240_j240.json,0.0
241,241,True,-0.007004619449192621,-0.005501325277375136,-7.830406837818729,7.830406837818729,9.0,0.07453074269836503,43,loss_plateau_last5,benchmark_results_walsh_article/unweighted/baseline/n8/graph03_trainseed04/histories/history_visit241_j241.json,0.0003546177483082502
242,242,True,0.014734896478761953,0.011571923156641016,-7.831522098809983,7.831522098809983,9.0,0.07449775484659393,47,loss_plateau_last5,benchmark_results_walsh_article/unweighted/baseline/n8/graph03_trainseed04/histories/history_visit242_j242.json,0.001115260991253919
243,243,False,0.00028043201690697555,0.0,-7.831522098809983,7.831522098809983,9.0,0.07449775484659393,48,loss_plateau_last5_and_discarded_near_zero,benchmark_results_walsh_article/unweighted/baseline/n8/graph03_trainseed04/histories/history_visit243_j243.json,0.0
244,244,True,0.008435951896113396,0.006625423959735558,-7.831924286628361,7.831924286628361,9.0,0.074467418626214,42,loss_plateau_last5,benchmark_results_walsh_article/unweighted/baseline/n8/graph03_trainseed04/histories/history_visit244_j244.json,0.0004021878183779748
245,245,False,0.0011806557144318388,0.0,-7.831924286628361,7.831924286628361,9.0,0.074467418626214,43,loss_plateau_last5_and_discarded_near_zero,benchmark_results_walsh_article/unweighted/baseline/n8/graph03_trainseed04/histories/history_visit245_j245.json,0.0
246,246,False,0.0006099824838684837,0.0,-7.831924286628361,7.831924286628361,9.0,0.074467418626214,44,loss_plateau_last5_and_discarded_near_zero,benchmark_results_walsh_article/unweighted/baseline/n8/graph03_trainseed04/histories/history_visit246_j246.json,0.0
247,247,True,-0.013576301451241838,-0.010662147165617222,-7.832958761478016,7.832958761478016,9.0,0.07442172338862399,39,loss_plateau_last5,benchmark_results_walsh_article/unweighted/baseline/n8/graph03_trainseed04/histories/history_visit247_j247.json,0.0010344748496553535
248,248,True,-0.003359432347148605,-0.0026384820697348947,-7.83305117652805,7.83305117652805,9.0,0.07442574806486324,43,loss_plateau_last5,benchmark_results_walsh_article/unweighted/baseline/n8/graph03_trainseed04/histories/history_visit248_j248.json,9.241505003387829e-05
249,249,False,-0.0012426601456320737,0.0,-7.83305117652805,7.83305117652805,9.0,0.07442574806486324,38,loss_plateau_last5_and_discarded_near_zero,benchmark_results_walsh_article/unweighted/baseline/n8/graph03_trainseed04/histories/history_visit249_j249.json,0.0
250,250,True,-0.00136092261188236,-0.0010688654600129496,-7.833041366583952,7.833041366583952,9.0,0.07442568340917109,45,loss_plateau_last5,benchmark_results_walsh_article/unweighted/baseline/n8/graph03_trainseed04/histories/history_visit250_j250.json,-9.809944097938228e-06
251,251,True,0.004434064347247907,0.0034824831717958095,-7.833138727710639,7.833138727710639,9.0,0.0744312727953222,45,loss_plateau_last5,benchmark_results_walsh_article/unweighted/baseline/n8/graph03_trainseed04/histories/history_visit251_j251.json,9.736112668701224e-05
252,252,True,-0.0012758780025044249,-0.001002071696140533,-7.833146472582016,7.833146472582016,9.0,0.07443111317328918,48,loss_plateau_last5,benchmark_results_walsh_article/unweighted/baseline/n8/graph03_trainseed04/histories/history_visit252_j252.json,7.744871377113327e-06
253,253,True,0.002293500559453972,0.0018013079687670191,-7.833169364454945,7.833169364454945,9.0,0.0744328335164214,47,loss_plateau_last5,benchmark_results_walsh_article/unweighted/baseline/n8/graph03_trainseed04/histories/history_visit253_j253.json,2.2891872928809676e-05
254,254,True,-0.005022230994747805,-0.003944417836395553,-7.83320824251903,7.83320824251903,9.0,0.07443821897384961,43,loss_plateau_last5,benchmark_results_walsh_article/unweighted/baseline/n8/graph03_trainseed04/histories/history_visit254_j254.json,3.8878064084535424e-05
255,255,False,-0.0007371744196683159,0.0,-7.83320824251903,7.83320824251903,9.0,0.07443821897384961,40,loss_plateau_last5_and_discarded_near_zero,benchmark_results_walsh_article/unweighted/baseline/n8/graph03_trainseed04/histories/history_visit255_j255.json,0.0
